9
3
5 0000 0010
5 0005 0012
5 0007 0011
5
1 0000 0010
2 0005 0012
3 0007 0011
4 0007 0011
5 0007 0011
5
5 0007 0011
4 0007 0011
3 0007 0011
2 0007 0011
1 0007 0011
5
1 1000 1100
1 1100 1200
1 1000 1030
1 1100 1130
1 1100 1200
5
1 1000 1100
2 1100 1200
1 1000 1030
2 1100 1130
3 1100 1200
1
1 0000 0001
7
1 1010 1012
1 1011 1013
1 1013 1020
2 1010 1015
2 1010 1020
2 1018 1030
2 1020 1040
8
1 1010 1012
1 1011 1013
1 1013 1020
2 1010 1015
2 1010 1020
2 1018 1030
2 1020 1040
3 2020 2021
9
1 1010 1012
1 1012 1013
1 1013 1020
1 2013 1020
2 1010 1015
2 1010 1020
2 1018 1030
2 1020 1040
3 2020 2021
50000
1 1010 1020
2 1020 1030
3 2020 2040
4 0000 0010
5 1010 1020
6 1020 1030
7 2020 2040
8 0000 0010
9 1010 1020
10 1020 1030
11 2020 2040
12 0000 0010
13 1010 1020
14 1020 1030
15 2020 2040
16 0000 0010
17 1010 1020
18 1020 1030
19 2020 2040
20 0000 0010
21 1010 1020
22 1020 1030
23 2020 2040
24 0000 0010
25 1010 1020
26 1020 1030
27 2020 2040
28 0000 0010
29 1010 1020
30 1020 1030
31 2020 2040
32 0000 0010
33 1010 1020
34 1020 1030
35 2020 2040
36 0000 0010
37 1010 1020
38 1020 1030
39 2020 2040
40 0000 0010
41 1010 1020
42 1020 1030
43 2020 2040
44 0000 0010
45 1010 1020
46 1020 1030
47 2020 2040
48 0000 0010
49 1010 1020
50 1020 1030
51 2020 2040
52 0000 0010
53 1010 1020
54 1020 1030
55 2020 2040
56 0000 0010
57 1010 1020
58 1020 1030
59 2020 2040
60 0000 0010
61 1010 1020
62 1020 1030
63 2020 2040
64 0000 0010
65 1010 1020
66 1020 1030
67 2020 2040
68 0000 0010
69 1010 1020
70 1020 1030
71 2020 2040
72 0000 0010
73 1010 1020
74 1020 1030
75 2020 2040
76 0000 0010
77 1010 1020
78 1020 1030
79 2020 2040
80 0000 0010
81 1010 1020
82 1020 1030
83 2020 2040
84 0000 0010
85 1010 1020
86 1020 1030
87 2020 2040
88 0000 0010
89 1010 1020
90 1020 1030
91 2020 2040
92 0000 0010
93 1010 1020
94 1020 1030
95 2020 2040
96 0000 0010
97 1010 1020
98 1020 1030
99 2020 2040
100 0000 0010
101 1010 1020
102 1020 1030
103 2020 2040
104 0000 0010
105 1010 1020
106 1020 1030
107 2020 2040
108 0000 0010
109 1010 1020
110 1020 1030
111 2020 2040
112 0000 0010
113 1010 1020
114 1020 1030
115 2020 2040
116 0000 0010
117 1010 1020
118 1020 1030
119 2020 2040
120 0000 0010
121 1010 1020
122 1020 1030
123 2020 2040
124 0000 0010
125 1010 1020
126 1020 1030
127 2020 2040
128 0000 0010
129 1010 1020
130 1020 1030
131 2020 2040
132 0000 0010
133 1010 1020
134 1020 1030
135 2020 2040
136 0000 0010
137 1010 1020
138 1020 1030
139 2020 2040
140 0000 0010
141 1010 1020
142 1020 1030
143 2020 2040
144 0000 0010
145 1010 1020
146 1020 1030
147 2020 2040
148 0000 0010
149 1010 1020
150 1020 1030
151 2020 2040
152 0000 0010
153 1010 1020
154 1020 1030
155 2020 2040
156 0000 0010
157 1010 1020
158 1020 1030
159 2020 2040
160 0000 0010
161 1010 1020
162 1020 1030
163 2020 2040
164 0000 0010
165 1010 1020
166 1020 1030
167 2020 2040
168 0000 0010
169 1010 1020
170 1020 1030
171 2020 2040
172 0000 0010
173 1010 1020
174 1020 1030
175 2020 2040
176 0000 0010
177 1010 1020
178 1020 1030
179 2020 2040
180 0000 0010
181 1010 1020
182 1020 1030
183 2020 2040
184 0000 0010
185 1010 1020
186 1020 1030
187 2020 2040
188 0000 0010
189 1010 1020
190 1020 1030
191 2020 2040
192 0000 0010
193 1010 1020
194 1020 1030
195 2020 2040
196 0000 0010
197 1010 1020
198 1020 1030
199 2020 2040
200 0000 0010
201 1010 1020
202 1020 1030
203 2020 2040
204 0000 0010
205 1010 1020
206 1020 1030
207 2020 2040
208 0000 0010
209 1010 1020
210 1020 1030
211 2020 2040
212 0000 0010
213 1010 1020
214 1020 1030
215 2020 2040
216 0000 0010
217 1010 1020
218 1020 1030
219 2020 2040
220 0000 0010
221 1010 1020
222 1020 1030
223 2020 2040
224 0000 0010
225 1010 1020
226 1020 1030
227 2020 2040
228 0000 0010
229 1010 1020
230 1020 1030
231 2020 2040
232 0000 0010
233 1010 1020
234 1020 1030
235 2020 2040
236 0000 0010
237 1010 1020
238 1020 1030
239 2020 2040
240 0000 0010
241 1010 1020
242 1020 1030
243 2020 2040
244 0000 0010
245 1010 1020
246 1020 1030
247 2020 2040
248 0000 0010
249 1010 1020
250 1020 1030
251 2020 2040
252 0000 0010
253 1010 1020
254 1020 1030
255 2020 2040
256 0000 0010
257 1010 1020
258 1020 1030
259 2020 2040
260 0000 0010
261 1010 1020
262 1020 1030
263 2020 2040
264 0000 0010
265 1010 1020
266 1020 1030
267 2020 2040
268 0000 0010
269 1010 1020
270 1020 1030
271 2020 2040
272 0000 0010
273 1010 1020
274 1020 1030
275 2020 2040
276 0000 0010
277 1010 1020
278 1020 1030
279 2020 2040
280 0000 0010
281 1010 1020
282 1020 1030
283 2020 2040
284 0000 0010
285 1010 1020
286 1020 1030
287 2020 2040
288 0000 0010
289 1010 1020
290 1020 1030
291 2020 2040
292 0000 0010
293 1010 1020
294 1020 1030
295 2020 2040
296 0000 0010
297 1010 1020
298 1020 1030
299 2020 2040
300 0000 0010
301 1010 1020
302 1020 1030
303 2020 2040
304 0000 0010
305 1010 1020
306 1020 1030
307 2020 2040
308 0000 0010
309 1010 1020
310 1020 1030
311 2020 2040
312 0000 0010
313 1010 1020
314 1020 1030
315 2020 2040
316 0000 0010
317 1010 1020
318 1020 1030
319 2020 2040
320 0000 0010
321 1010 1020
322 1020 1030
323 2020 2040
324 0000 0010
325 1010 1020
326 1020 1030
327 2020 2040
328 0000 0010
329 1010 1020
330 1020 1030
331 2020 2040
332 0000 0010
333 1010 1020
334 1020 1030
335 2020 2040
336 0000 0010
337 1010 1020
338 1020 1030
339 2020 2040
340 0000 0010
341 1010 1020
342 1020 1030
343 2020 2040
344 0000 0010
345 1010 1020
346 1020 1030
347 2020 2040
348 0000 0010
349 1010 1020
350 1020 1030
351 2020 2040
352 0000 0010
353 1010 1020
354 1020 1030
355 2020 2040
356 0000 0010
357 1010 1020
358 1020 1030
359 2020 2040
360 0000 0010
361 1010 1020
362 1020 1030
363 2020 2040
364 0000 0010
365 1010 1020
366 1020 1030
367 2020 2040
368 0000 0010
369 1010 1020
370 1020 1030
371 2020 2040
372 0000 0010
373 1010 1020
374 1020 1030
375 2020 2040
376 0000 0010
377 1010 1020
378 1020 1030
379 2020 2040
380 0000 0010
381 1010 1020
382 1020 1030
383 2020 2040
384 0000 0010
385 1010 1020
386 1020 1030
387 2020 2040
388 0000 0010
389 1010 1020
390 1020 1030
391 2020 2040
392 0000 0010
393 1010 1020
394 1020 1030
395 2020 2040
396 0000 0010
397 1010 1020
398 1020 1030
399 2020 2040
400 0000 0010
401 1010 1020
402 1020 1030
403 2020 2040
404 0000 0010
405 1010 1020
406 1020 1030
407 2020 2040
408 0000 0010
409 1010 1020
410 1020 1030
411 2020 2040
412 0000 0010
413 1010 1020
414 1020 1030
415 2020 2040
416 0000 0010
417 1010 1020
418 1020 1030
419 2020 2040
420 0000 0010
421 1010 1020
422 1020 1030
423 2020 2040
424 0000 0010
425 1010 1020
426 1020 1030
427 2020 2040
428 0000 0010
429 1010 1020
430 1020 1030
431 2020 2040
432 0000 0010
433 1010 1020
434 1020 1030
435 2020 2040
436 0000 0010
437 1010 1020
438 1020 1030
439 2020 2040
440 0000 0010
441 1010 1020
442 1020 1030
443 2020 2040
444 0000 0010
445 1010 1020
446 1020 1030
447 2020 2040
448 0000 0010
449 1010 1020
450 1020 1030
451 2020 2040
452 0000 0010
453 1010 1020
454 1020 1030
455 2020 2040
456 0000 0010
457 1010 1020
458 1020 1030
459 2020 2040
460 0000 0010
461 1010 1020
462 1020 1030
463 2020 2040
464 0000 0010
465 1010 1020
466 1020 1030
467 2020 2040
468 0000 0010
469 1010 1020
470 1020 1030
471 2020 2040
472 0000 0010
473 1010 1020
474 1020 1030
475 2020 2040
476 0000 0010
477 1010 1020
478 1020 1030
479 2020 2040
480 0000 0010
481 1010 1020
482 1020 1030
483 2020 2040
484 0000 0010
485 1010 1020
486 1020 1030
487 2020 2040
488 0000 0010
489 1010 1020
490 1020 1030
491 2020 2040
492 0000 0010
493 1010 1020
494 1020 1030
495 2020 2040
496 0000 0010
497 1010 1020
498 1020 1030
499 2020 2040
500 0000 0010